0.105094
0.102585
0.0978886
0.0861674
0.089099
0.0862088
0.0961171
0.0872155
0.0918281
0.0831579
0.0835987
0.0932161
0.0860833
0.0791063
0.0779301
0.0902843
0.0854837
0.0806992
0.0794661
0.0759396
0.079641
0.0778174
0.0736913
0.0835479
0.0834236
0.0758959
0.0762808
0.0736828
0.071078
0.0771842
0.0778781
0.0769859
0.0792207
0.0757398
0.0748344
0.0713863
0.0757721
0.0733257
0.0693545
0.0701358
0.0664842
0.0687206
0.0677033
0.0651291
0.0667297
0.0611397
0.0682016
0.0709738
0.0621859
0.0686313
0.0586879
0.0683092
0.0617546
0.0669875
0.0590076
0.0655355
0.0601559
0.0592093
0.0579358
0.0565852
0.064149
0.0519088
0.0509927
0.0533448
0.0562753
0.0505608
0.0573988
0.0580442
0.0563539
0.0499523
0.0528959
0.0509897
0.0563426
0.0525234
0.0549895
0.0567102
0.0568443
0.0624802
0.0586536
0.0571101
0.0548595
0.0547952
0.057899
0.0591424
0.0589007
0.0584822
0.0582788
0.0568986
0.0558415
0.0568332
0.053387
0.0540805
0.0526616
0.0485203
0.0529492
0.0540917
0.053191
0.0557231
0.0547406
0.0453669
0.0486256
0.052383
0.0520424
0.0439184
0.0475609
0.0487635
0.0528321
0.0519133
0.0549243
0.0562921
0.0456083
0.0473213
0.0464842
0.0470661
0.0476113
0.0428338
0.0459664
0.0501522
0.046245
0.0439861
0.0430022
0.0431634
0.0437983
0.045394
0.0424226
0.0370189
0.0422852
0.0400095
0.0389003
0.0388421
0.0416225
0.0375135
0.0380137
0.0376728
0.039361
0.0391057
0.037219
0.0387604
0.0392616
0.0450225
0.0447033
0.047815
0.0487265
0.0504201
0.0507603
0.0541747
0.0687091
0.05815
0.0566012
0.0514629
0.0554681
0.0461505
0.0467454
0.0489011
0.052964
0.0526864
0.0438951
0.0458954
0.0501575
0.0494851
0.0487425
0.0506076
0.0432407
0.0440763
0.0435534
0.0450856
0.044468
0.0435845
0.0427654
0.0450603
0.0434471
0.0428881
0.042543
0.0423985
0.0425342
0.039768
0.0417838
0.0409779
0.043636
0.0441563
0.0423419
0.046835
0.0431668
0.0424522
0.0410141
0.0407972
0.0404836
0.0364673
0.037358
0.0405108
0.0383221
0.0376691
0.0381413
0.0397078
0.0371968
0.038648
0.0371263
0.0360028
0.0395282
0.0395001
0.0443214
0.0420505
0.0476856
0.0428645
0.0421889
0.0462032
0.0429783
0.0413737
0.0330686
0.0376532
0.0389657
0.039242
0.0399966
0.0380216
0.0410436
0.0386705
0.0377062
0.0378697
0.0375166
0.038655
0.0376028
0.0385532
0.0376928
0.0376196
0.0363104
0.0366763
0.0336736
0.0327413
0.0317201
0.0297966
0.0303152
0.0405433
0.0356765
0.0330312
0.0377272
0.0314044
0.034077
0.0347921
0.0365573
0.0324817
0.0302967
0.029598
0.0275234
0.0343245
0.0280679
0.0306622
0.0307055
0.0291187
0.0265095
0.0267427
0.0251379
0.0251606
0.0254706
0.0247954
0.02309
0.0218332
0.0229625
0.0232257
0.0235972
0.0261699
0.0250426
0.0249956
0.0239987
0.0221113
0.0208677
0.0226445
0.018898
0.0213127
0.0237119
0.0277669
0.0258807
0.0318587
0.0331261
0.0353088
0.0388974
0.0390677
0.040906
0.0478767
0.0531854
0.0542935
0.0553819
0.0626759
0.0566215
0.0569353
0.0480201
0.0558088
0.0493342
0.0491574
0.0523609
0.0463076
0.0484269
0.0497659
0.0435152
0.0497164
0.0484482
0.0482159
0.0475006
0.0430857
0.0447774
0.0431572
0.043043
0.0465765
0.0393669
0.044666
0.0433631
0.045472
0.0413866
0.0423095
0.0435399
0.0404689
0.0396111
0.0397611
0.040014
0.0415777
0.0396364
0.0415336
0.0413045
0.0374118
0.0399629
0.0370139
0.039766
0.0371952
0.0365958
0.0364922
0.0364917
0.0371987
0.0354727
0.0358846
0.0302175
0.0313054
0.0335223
0.0342926
0.0375916
0.0390849
0.0390512
0.0394191
0.0410982
0.0414164
0.0417748
0.0400147
0.0342287
0.0386119
0.041896
0.0412383
0.0399271
0.0395941
0.0404684
0.0362307
0.0358766
0.0380452
0.0369543
0.035709
0.0338159
0.0351748
0.0377056
0.0356875
0.0324499
0.0321511
0.0311951
0.0297454
0.0357446
0.0419107
0.0290709
0.0287888
0.0282316
0.0283851
0.0373477
0.0326438
0.0316954
0.0325649
0.032134
0.0301874
0.0305315
0.0302805
0.0289478
0.0290617
0.0340581
0.0349524
0.0360333
0.032031
0.0265125
0.0253822
0.0253622
0.0249436
0.0250965
0.0245088
0.0222255
0.0231374
0.0292019
0.021399
0.0216621
0.0215058
0.02256
0.019779
0.0209852
0.0214927
0.0298458
0.0242412
0.0274927
0.0333215
0.0349102
0.0332218
0.03595
0.038811
0.0384929
0.0397314
0.0375425
0.0370756
0.0368326
0.035397
0.0348015
0.0328725
0.0333621
0.033029
0.0313165
0.0317057
0.0299925
0.0305875
0.0389435
0.0307933
0.0399759
0.0322251
0.0336383
0.0286353
0.0279339
0.0274171
0.028712
0.0299087
0.0315107
0.0328088
0.032544
0.0306793
0.0338453
0.0284683
0.0275866
0.0278448
0.0310218
0.0268847
0.0267842
0.0273488
0.0338164
0.0294043
0.0266265
0.0246977
0.0267716
0.0265847
0.0270536
0.0254967
0.0328263
0.0252545
0.028429
0.0278791
0.0344445
0.0355052
0.0365517
0.0392485
0.0354556
0.0335163
0.0325856
0.0331034
0.0364197
0.0312648
0.0303003
0.0296766
0.0353144
0.0325886
0.0353631
0.0277993
0.0272721
0.0256926
0.0255499
0.0287491
0.024541
0.0248297
0.0260309
0.025735
0.0308375
0.0282293
0.0253329
0.0230179
0.022419
0.0246587
0.0252129
0.0251197
0.0248565
0.0247389
0.0226409
0.0227319
0.0217275
0.0210557
0.0209344
0.0199354
0.0226296
0.0186642
0.0180897
0.0170911
0.0159657
0.0158543
0.0147659
0.0151363
0.0153517
0.0150262
0.0172146
0.0145743
0.0146162
0.016284
0.0162737
0.0172522
0.0185332
0.0171748
0.0174972
0.0152524
0.0148132
0.0129187
0.0113138
0.011345
0.0121979
0.0119962
0.0121727
0.0108875
0.0115169
0.0131995
0.0184105
0.0152885
0.0250014
0.0353029
0.044698
0.0393295
0.0404626
0.0378913
0.0487979
0.0450477
0.0535697
0.0547411
0.0571302
0.0519238
0.0497036
0.049931
0.0525577
0.0518034
0.0470348
0.0479436
0.0478088
0.0488419
0.0512144
0.0414035
0.0428259
0.0464018
0.0461203
0.0439817
0.0430125
0.0416317
0.0432275
0.040934
0.0439406
0.0411655
0.0453166
0.0461222
0.0457018
0.0424114
0.0409471
0.0423183
0.041766
0.0402459
0.0398861
0.0392217
0.0409231
0.0398712
0.0383493
0.036688
0.0357019
0.0358715
0.0404831
0.0401844
0.0422444
0.0491897
0.0470939
0.048788
0.0411979
0.0443975
0.0445005
0.0434323
0.0415792
0.0443489
0.0428379
0.0437776
0.04024
0.0394495
0.0400381
0.0398894
0.0396798
0.0388364
0.0395938
0.0362532
0.0357435
0.0326432
0.0322495
0.0286682
0.0312235
0.0311368
0.0313323
0.0311496
0.0321222
0.03285
0.0358073
0.0370134
0.0373915
0.0383847
0.0352638
0.0343758
0.0337607
0.0350923
0.032621
0.0313465
0.0301334
0.0298463
0.0296849
0.0303554
0.0348682
0.0291498
0.0293982
0.0282963
0.0281869
0.0280777
0.0288321
0.0283937
0.0276531
0.0269467
0.0273148
0.0286115
0.0276313
0.0286817
0.0280599
0.0286182
0.0254182
0.0304525
0.0256559
0.0253473
0.0254503
0.0263249
0.0271233
0.0251123
0.0265725
0.0277472
0.0329874
0.0398896
0.0389326
0.0404995
0.0354967
0.0358389
0.0410029
0.0400745
0.038822
0.0379604
0.0367324
0.0365956
0.0352283
0.0342368
0.0353093
0.0353336
0.0335255
0.0355401
0.0336739
0.0330712
0.0325174
0.032524
0.0301625
0.0301489
0.0289595
0.0288901
0.0291364
0.0277805
0.0259663
0.0254469
0.0272489
0.0344964
0.0278937
0.0300465
0.0341606
0.027205
0.0261325
0.0272958
0.031052
0.0277509
0.0256945
0.0258389
0.0254662
0.03096
0.0235462
0.0221783
0.0224105
0.0227484
0.0228996
0.0222405
0.0202631
0.0212154
0.0222882
0.0206931
0.0201957
0.0212634
0.0227787
0.0208243
0.0294294
0.0220844
0.0288283
0.0299034
0.0304702
0.0290877
0.0302634
0.0297633
0.0283566
0.028197
0.0267821
0.0270805
0.026875
0.0267003
0.0272565
0.0270596
0.0268277
0.0260457
0.0249877
0.0250156
0.0237959
0.0231369
0.0227783
0.0226711
0.0216839
0.0205176
0.0195553
0.0219043
0.0226515
0.0247574
0.0239064
0.0245247
0.0233543
0.023394
0.0217783
0.0226909
0.0220179
0.0202726
0.0201524
0.0187014
0.0189196
0.0185005
0.0190984
0.0199832
0.0271366
0.0190294
0.0188892
0.0179075
0.0170447
0.017601
0.0180151
0.0175762
0.0246366
0.0281932
0.0162247
0.0182647
0.0205605
0.0146408
0.015208
0.018654
0.0155841
0.0146504
0.0146679
0.0189074
0.0170777
0.0201659
0.0164693
0.0215138
0.0273278
0.0303433
0.0335422
0.034486
0.0389926
0.0402326
0.0394369
0.0397681
0.0391085
0.0364451
0.038659
0.0379919
0.038259
0.0352853
0.0349427
0.036161
0.0358898
0.0360481
0.0324101
0.0317066
0.0310116
0.0296794
0.0290519
0.0290486
0.0292564
0.0284897
0.0317027
0.0298221
0.0323984
0.0309894
0.0337518
0.0315939
0.0319614
0.0311588
0.0297777
0.0284194
0.0312271
0.0287569
0.0279324
0.0277127
0.0282538
0.0278163
0.0277194
0.0279586
0.0273097
0.027166
0.0259642
0.02465
0.0234497
0.0234351
0.0241337
0.0247348
0.0240569
0.0242459
0.0239334
0.0243221
0.0237113
0.0236267
0.0236322
0.0237218
0.0247197
0.0246938
0.0252882
0.0260899
0.0235344
0.0227419
0.0187183
0.0203141
0.0216638
0.0209941
0.0210695
0.0230534
0.0239639
0.0235141
0.0211924
0.0248828
0.0271905
0.0264459
0.0270884
0.029329
0.0257339
0.0246509
0.0255752
0.025246
0.0251375
0.0242286
0.0233402
0.0237673
0.0235475
0.0209734
0.0199623
0.0219567
0.0218094
0.022297
0.0225416
0.0234037
0.0245999
0.024872
0.0256746
0.0256129
0.0258621
0.0253293
0.0241481
0.0239413
0.0240231
0.0242913
0.0234613
0.0221842
0.0218368
0.0212648
0.0218028
0.020881
0.0209666
0.0201038
0.0197188
0.0191636
0.0190736
0.0204634
0.0186876
0.0188697
0.0185811
0.0256315
0.0184531
0.0184357
0.018593
0.0180113
0.0181947
0.0165577
0.01688
0.0182323
0.0184033
0.0184643
0.0206228
0.0213035
0.0225399
0.0255331
0.0254109
0.0286355
0.0321793
0.0332549
0.0376069
0.0321278
0.0346096
0.0300675
0.0302557
0.029382
0.0305225
0.0293297
0.0287355
0.032371
0.028446
0.0290118
0.0349176
0.0279927
0.0265192
0.0254495
0.02449
0.0253842
0.0236941
0.0236097
0.0238749
0.0242744
0.0229398
0.021577
0.0210712
0.0195357
0.0196988
0.0199871
0.0288228
0.0208206
0.0213911
0.0227675
0.0224948
0.0228334
0.022821
0.0223478
0.0227414
0.0218052
0.0220409
0.0229078
0.0216887
0.0205674
0.0195546
0.0183527
0.0179315
0.0185202
0.0169376
0.0235983
0.0165188
0.0153752
0.0151397
0.0139525
0.01417
0.0138021
0.0136298
0.0125027
0.0128424
0.0122431
0.0112917
0.0128739
0.0129381
0.0147947
0.0243791
0.0194669
0.0219957
0.0215943
0.0212543
0.0209621
0.0253253
0.0200656
0.0197704
0.0189582
0.0176667
0.0182418
0.0194258
0.0193884
0.0199707
0.0190844
0.0185906
0.0188265
0.0189198
0.01827
0.0166012
0.0148827
0.0139993
0.0135349
0.0133308
0.0160301
0.0173712
0.0185028
0.0190731
0.0196139
0.0173364
0.0171599
0.0167473
0.0163273
0.0166501
0.0160264
0.015574
0.0156125
0.0139839
0.0135598
0.0131785
0.0135449
0.0127806
0.0127196
0.0139258
0.0131444
0.0128828
0.013208
0.0178717
0.0119031
0.0110159
0.00988438
0.00940798
0.00887893
0.00754928
0.00749424
0.00616452
0.004929
0.00757325
0.00933932
0.010723
0.0105754
0.0130918
0.0148802
0.0180767
0.0201914
0.0270795
0.0386822
0.0445705
0.0508738
0.0533317
0.0506217
